0 0.25542149999999997 0.44589749999999995 0.27469899999999997 0.130797
0 0.189157 0.724138 0.093976 0.1046379999999999
0 0.224096 0.5689655 0.06746999999999997 0.039239000000000024
0 0.242169 0.596314 0.093976 0.06777600000000006
0 0.2903615 0.292509 0.16144500000000003 0.10225999999999996
0 0.3108435 0.896552 0.16385499999999997 0.07847800000000005
0 0.33614449999999996 0.585018 0.06506099999999998 0.052317999999999976
0 0.6180725 0.5761000000000001 0.18072299999999997 0.07015399999999994
0 0.657831 0.8900115 0.10602400000000001 0.03686099999999992
0 0.7361445 0.29131999999999997 0.20481899999999997 0.08798999999999998
0 0.718072 0.142093 0.12048199999999998 0.10344799999999998
0 0.7566265 0.6082045 0.12048100000000006 0.05112899999999998
0 0.759036 0.8822829999999999 0.11084400000000005 0.05707399999999996
0 0.807229 0.4613555 0.19759000000000004 0.10463699999999998
0 0.8686745 0.6123665 0.10361500000000001 0.06658700000000006
