0 0.221875 0.6321195 0.10874999999999999 0.22035499999999997
0 0.34281249999999996 0.611111 0.17812500000000003 0.24369799999999997
0 0.35875 0.729692 0.09999999999999998 0.178338
0 0.436875 0.6036414999999999 0.21249999999999997 0.21942099999999998
0 0.440625 0.7278245 0.09750000000000003 0.13165300000000002
0 0.6259375 0.6774045 0.383125 0.275443
0 0.6031249999999999 0.48366 0.14125 0.13818799999999998
0 0.69875 0.4831935 0.10125000000000006 0.10550899999999996
0 0.8121875 0.620915 0.161875 0.24649800000000005
0 0.8365625 0.458917 0.140625 0.402428
